10	4000	10000
9	2916	6561
6.30996	1004.94	1585.28
4.89539	469.27	574.315
3.65617	195.497	178.692
2.77126	85.1321	58.9809
2.08867	36.4477	19.0318
1.57765	15.7069	6.19497
1.19065	6.75173	2.00974
0.898878	2.9051	0.652833
0.678519	1.24953	0.211957
0.512206	0.537519	0.06883
0.386651	0.231215	0.0223499
0.291875	0.0994601	0.00725747
0.220329	0.0427836	0.00235662
0.166322	0.0184038	0.000765239
0.125553	0.00791658	0.000248487
0.0947769	0.00340539	8.06881e-05
0.0715449	0.00146486	2.62009e-05
0.0540077	0.000630125	8.50789e-06
0.0407692	0.000271054	2.76267e-06
0.0307758	0.000116597	8.97087e-07
0.0232319	5.01552e-05	2.913e-07
0.0175373	2.15747e-05	9.45905e-08
0.0132385	9.28058e-06	3.07152e-08
0.00999344	3.99213e-06	9.97378e-09
0.00754382	1.71725e-06	3.23867e-09
0.00569466	7.38694e-07	1.05165e-09
0.00429878	3.17756e-07	3.41491e-10
0.00324505	1.36686e-07	1.10888e-10
0.00244962	5.87968e-08	3.60074e-11
endl with x:=0.00244962
